1.0000,0.1447,0.1378,0.2158,0.0746,0.2338,0.1220,0.1536,0.1541,0.1325,0.3086,0.1223,0.1438,0.1064,0.1242,0.2568,0.0827,0.1420,0.0251,0.0564,0.2577,0.0672,0.0925,0.0284,0.1008,0.2875,0.1155,0.1317,0.1465,0.1030,0.2437,0.1100,0.1677,0.1256,0.1369,0.2520,0.1116,0.1142,0.0974,0.1172,0.1979,0.1253,0.1328,0.3787,0.1057,0.3279,0.1010,0.1200,0.1246,0.1415,0.2572,0.1092,0.1306,0.2957,0.1145,0.2872,0.1284,0.0648,0.1690,0.1396,0.3418,0.1237,0.1535,0.1264,0.1543,0.3784,0.1079,0.1401,0.0904,0.1165,0.1898,0.1544,0.0923,0.1051,0.1081,0.1998,0.1168,0.1446,0.1088,0.1073,0.2554,0.1390,0.0981,0.1318,0.1565,0.2855,0.1446,0.1187,0.1369,0.1399,0.2795,0.1124,0.1173,0.1044,0.1195,0.2561,0.1312,0.1366,0.1271,0.1528
0.1447,1.0000,0.2719,0.1422,0.1251,0.1348,0.4697,0.2869,0.2700,0.2165,0.1649,0.3447,0.2454,0.1858,0.2078,0.1626,0.4427,0.2596,0.0601,0.1031,0.1916,0.5891,0.1635,0.0553,0.1751,0.1424,0.4995,0.2355,0.2594,0.1532,0.1657,0.3570,0.3020,0.2446,0.2250,0.1840,0.5992,0.2114,0.1565,0.1751,0.1219,0.6059,0.2450,0.2186,0.2008,0.1619,0.4450,0.2352,0.2459,0.2428,0.1459,0.4785,0.2483,0.2256,0.1810,0.2086,0.5701,0.1498,0.2564,0.1894,0.1869,0.6654,0.2892,0.2373,0.1996,0.1418,0.4912,0.2626,0.1702,0.2041,0.1251,0.4313,0.1725,0.2004,0.1684,0.1371,0.3330,0.2872,0.2113,0.1335,0.1871,0.5114,0.1702,0.2493,0.2780,0.2631,0.4204,0.2277,0.2066,0.2058,0.1289,0.5852,0.2492,0.1634,0.1972,0.1947,0.7873,0.2612,0.2360,0.2226
0.1378,0.2719,1.0000,0.1643,0.1233,0.1431,0.1952,0.8625,0.2320,0.2145,0.1882,0.2141,0.4147,0.1912,0.2376,0.1674,0.1753,0.7249,0.0635,0.1095,0.1988,0.1406,0.4388,0.0408,0.1688,0.1652,0.2393,0.6059,0.2514,0.1655,0.1552,0.1816,0.7518,0.2104,0.2473,0.1847,0.2491,0.4874,0.1217,0.1890,0.1653,0.2498,0.8630,0.2036,0.1781,0.1607,0.1886,0.5811,0.2507,0.2417,0.1613,0.1823,0.5612,0.2010,0.1930,0.2302,0.2392,0.2136,0.2295,0.1973,0.2053,0.2426,0.8098,0.2454,0.2226,0.1515,0.1988,0.6300,0.1925,0.2189,0.1427,0.2050,0.2956,0.1811,0.1739,0.1329,0.1965,0.6851,0.1963,0.1495,0.1950,0.2538,0.3043,0.2560,0.2765,0.2431,0.2180,0.4188,0.1827,0.2056,0.1487,0.2103,0.6082,0.1633,0.1912,0.1984,0.2416,0.8994,0.2441,0.2448
0.2158,0.1422,0.1643,1.0000,0.0913,0.0905,0.1314,0.1688,0.4013,0.1515,0.1216,0.1451,0.1595,0.5389,0.1494,0.1207,0.0840,0.1565,0.1068,0.0724,0.1407,0.0714,0.0915,0.1534,0.1223,0.1243,0.1560,0.1379,0.3957,0.1364,0.1064,0.1252,0.1571,0.3379,0.1727,0.1130,0.1510,0.1408,0.2935,0.1422,0.0934,0.1395,0.1553,0.5947,0.1022,0.1338,0.1503,0.1183,0.5212,0.1629,0.1071,0.1355,0.1406,0.5606,0.1284,0.1700,0.1424,0.0934,0.2725,0.1386,0.1412,0.1387,0.1682,0.5214,0.1589,0.1610,0.1321,0.1554,0.3593,0.1378,0.0959,0.1193,0.1050,0.3862,0.1356,0.0976,0.1235,0.1769,0.4365,0.1046,0.1293,0.1498,0.1191,0.4974,0.1812,0.1459,0.1341,0.1472,0.3112,0.1437,0.1028,0.1320,0.1141,0.2223,0.1328,0.1429,0.1414,0.1646,0.5228,0.1615
0.0746,0.1251,0.1233,0.0913,1.0000,0.0764,0.0927,0.1241,0.1279,0.3680,0.1102,0.1429,0.1167,0.1100,0.2804,0.1221,0.0817,0.1237,0.0308,0.2553,0.1235,0.0713,0.0688,0.0273,0.2783,0.1116,0.1041,0.1013,0.1164,0.5003,0.1539,0.1088,0.1406,0.1151,0.4758,0.1213,0.0951,0.0983,0.0813,0.5871,0.0897,0.1019,0.1119,0.1077,0.5440,0.0929,0.0996,0.1233,0.1206,0.3821,0.1059,0.1037,0.1124,0.1164,0.5338,0.1313,0.1169,0.0637,0.1276,0.5132,0.1208,0.1213,0.1289,0.1227,0.3429,0.1318,0.1195,0.1538,0.0890,0.3528,0.1096,0.1126,0.0895,0.1139,0.2737,0.0860,0.1189,0.1346,0.1017,0.3760,0.1356,0.1322,0.0726,0.1295,0.3323,0.1213,0.0930,0.0859,0.0956,0.3170,0.0926,0.1033,0.0861,0.0845,0.2823,0.1372,0.1215,0.1178,0.1230,0.3588
0.2338,0.1348,0.1431,0.0905,0.0764,1.0000,0.1148,0.1498,0.1320,0.1259,0.2191,0.1136,0.1229,0.1088,0.1186,0.1358,0.0843,0.1356,0.0293,0.0729,0.1512,0.0625,0.0737,0.0339,0.1049,0.3052,0.1262,0.1151,0.1373,0.1099,0.1407,0.1094,0.1707,0.1233,0.1339,0.1413,0.1226,0.0992,0.0939,0.1170,0.2277,0.1242,0.1289,0.1131,0.1074,0.3706,0.1067,0.1182,0.1278,0.1343,0.1645,0.1110,0.1225,0.1130,0.1056,0.1632,0.1206,0.0835,0.1420,0.1099,0.2892,0.1285,0.1532,0.1240,0.1280,0.2977,0.1140,0.1357,0.0949,0.1148,0.1115,0.1259,0.1036,0.1057,0.1098,0.2725,0.1230,0.1420,0.1082,0.0864,0.1521,0.1293,0.0818,0.1291,0.1496,0.1737,0.1072,0.1068,0.1139,0.1218,0.3612,0.1134,0.1102,0.0761,0.1292,0.1525,0.1310,0.1368,0.1249,0.1316
0.1220,0.4697,0.1952,0.1314,0.0927,0.1148,1.0000,0.1907,0.2072,0.1894,0.1545,0.4144,0.2242,0.1573,0.1621,0.1326,0.2067,0.1862,0.0455,0.0866,0.1542,0.2570,0.1005,0.0430,0.1469,0.1308,0.4229,0.1592,0.1899,0.1365,0.1335,0.5818,0.2175,0.1860,0.1879,0.1632,0.3441,0.1516,0.1275,0.1614,0.1167,0.5179,0.1802,0.1796,0.1568,0.1474,0.4588,0.1687,0.1791,0.1973,0.1307,0.5296,0.1932,0.1756,0.1604,0.1715,0.2673,0.0958,0.2029,0.1660,0.1393,0.5421,0.2130,0.1784,0.1653,0.1286,0.3970,0.2156,0.1179,0.1833,0.1108,0.3766,0.1845,0.1613,0.1294,0.1056,0.3720,0.2166,0.1674,0.1377,0.1532,0.3869,0.1020,0.1875,0.2169,0.2137,0.2803,0.2015,0.1578,0.1720,0.0855,0.3648,0.1769,0.1201,0.1603,0.1585,0.5261,0.1825,0.1775,0.2043
0.1536,0.2869,0.8625,0.1688,0.1241,0.1498,0.1907,1.0000,0.2459,0.2285,0.1924,0.2159,0.4787,0.2009,0.2384,0.1646,0.1980,0.7381,0.0651,0.1115,0.1997,0.1574,0.4967,0.0481,0.1738,0.1618,0.2482,0.7369,0.2662,0.1508,0.1757,0.1902,0.8319,0.2224,0.2521,0.1845,0.2504,0.5370,0.1371,0.1876,0.1625,0.2527,0.8843,0.2118,0.1881,0.1625,0.1806,0.6031,0.2546,0.2597,0.1509,0.2016,0.6525,0.2163,0.1903,0.2290,0.2568,0.2212,0.2433,0.1928,0.2237,0.2472,0.8874,0.2515,0.2311,0.1795,0.2022,0.6580,0.1942,0.2193,0.1343,0.2255,0.3169,0.1936,0.1805,0.1401,0.2116,0.7214,0.2067,0.1666,0.1929,0.2681,0.3321,0.2653,0.2949,0.2640,0.2378,0.4061,0.1984,0.2154,0.1419,0.2147,0.6770,0.1816,0.2089,0.1969,0.2542,0.9380,0.2510,0.2573
0.1541,0.2700,0.2320,0.4013,0.1279,0.1320,0.2072,0.2459,1.0000,0.2166,0.1946,0.1752,0.2173,0.5714,0.1985,0.1758,0.1535,0.2595,0.1144,0.1194,0.2071,0.1235,0.1284,0.2158,0.1547,0.1501,0.2421,0.1917,0.4887,0.1820,0.1794,0.1869,0.2539,0.5462,0.2200,0.1801,0.2687,0.1952,0.3617,0.1920,0.1427,0.2199,0.2239,0.4440,0.1904,0.1744,0.2043,0.1881,0.6627,0.2321,0.1776,0.1998,0.2163,0.6054,0.1836,0.2303,0.2213,0.1071,0.4302,0.1778,0.1902,0.2385,0.2618,0.7576,0.2233,0.1708,0.1991,0.2225,0.3882,0.1872,0.1432,0.2021,0.1522,0.6897,0.1588,0.1280,0.1955,0.2595,0.7705,0.1708,0.1990,0.2153,0.1286,0.7593,0.2570,0.2529,0.2555,0.1765,0.4314,0.2019,0.1365,0.1895,0.1848,0.2757,0.1691,0.2090,0.2261,0.2317,0.7547,0.2451
0.1325,0.2165,0.2145,0.1515,0.3680,0.1259,0.1894,0.2285,0.2166,1.0000,0.1854,0.2023,0.2492,0.1648,0.4989,0.1536,0.1425,0.2141,0.0371,0.2136,0.1699,0.0987,0.1229,0.0538,0.4483,0.1901,0.2008,0.1834,0.2070,0.2999,0.1845,0.1863,0.2292,0.1765,0.4681,0.1617,0.1909,0.1819,0.1581,0.4392,0.1372,0.1920,0.2046,0.1966,0.4743,0.1973,0.1923,0.1754,0.1773,0.8192,0.1383,0.2011,0.2103,0.1822,0.5645,0.1793,0.1996,0.0785,0.1936,0.4497,0.1904,0.1981,0.2413,0.1870,0.3868,0.1523,0.1923,0.2182,0.1357,0.6130,0.1351,0.2295,0.1756,0.1667,0.4360,0.1221,0.1829,0.2249,0.1581,0.5794,0.1742,0.2150,0.1238,0.1953,0.7413,0.2099,0.1599,0.1986,0.1595,0.4577,0.1221,0.1737,0.1723,0.1436,0.3475,0.1768,0.2039,0.2157,0.1869,0.7031
0.3086,0.1649,0.1882,0.1216,0.1102,0.2191,0.1545,0.1924,0.1946,0.1854,1.0000,0.1641,0.1814,0.1527,0.2047,0.4801,0.1145,0.1972,0.0613,0.0873,0.5218,0.0901,0.0933,0.0654,0.1662,0.4011,0.1760,0.1507,0.1792,0.1644,0.2660,0.1484,0.1998,0.1742,0.2041,0.5001,0.1412,0.1440,0.1044,0.1842,0.2415,0.1669,0.1860,0.1532,0.1705,0.2609,0.1578,0.1369,0.1757,0.2053,0.5650,0.1549,0.1731,0.1651,0.1776,0.5278,0.1587,0.0764,0.1991,0.1721,0.3951,0.1662,0.1965,0.1791,0.1878,0.3635,0.1682,0.1818,0.1157,0.1849,0.3577,0.1570,0.1176,0.1503,0.1671,0.3350,0.1583,0.1930,0.1554,0.1457,0.5368,0.1730,0.1087,0.1881,0.2246,0.4722,0.1450,0.1402,0.1686,0.1906,0.3242,0.1475,0.1386,0.1401,0.1875,0.5306,0.1660,0.1766,0.1792,0.2049
0.1223,0.3447,0.2141,0.1451,0.1429,0.1136,0.4144,0.2159,0.1752,0.2023,0.1641,1.0000,0.2415,0.1358,0.1750,0.1473,0.1706,0.1988,0.0367,0.0904,0.1648,0.1809,0.0943,0.0343,0.1457,0.1274,0.3779,0.1501,0.2085,0.1703,0.1356,0.4273,0.2258,0.1665,0.2020,0.1611,0.2164,0.1974,0.1183,0.2098,0.1299,0.3433,0.1937,0.1487,0.1674,0.1462,0.2398,0.2218,0.1572,0.2160,0.1398,0.3824,0.1757,0.1451,0.2078,0.1912,0.2214,0.1090,0.1849,0.1534,0.1513,0.3947,0.2150,0.1611,0.2141,0.1367,0.3192,0.2036,0.1500,0.1773,0.1188,0.2981,0.1564,0.1383,0.1596,0.1406,0.3653,0.2014,0.1309,0.1552,0.1619,0.3435,0.1814,0.1693,0.2296,0.2008,0.1837,0.1935,0.1399,0.1826,0.1186,0.2564,0.1558,0.1188,0.1830,0.1672,0.4041,0.2109,0.1623,0.2166
0.1438,0.2454,0.4147,0.1595,0.1167,0.1229,0.2242,0.4787,0.2173,0.2492,0.1814,0.2415,1.0000,0.1597,0.2165,0.1535,0.1739,0.3621,0.0432,0.0760,0.1653,0.1180,0.3661,0.0519,0.1478,0.1617,0.2250,0.4040,0.2275,0.1665,0.1802,0.1971,0.4521,0.1979,0.2446,0.1736,0.2297,0.4518,0.1399,0.2277,0.1778,0.2284,0.3961,0.1976,0.1812,0.1828,0.2210,0.3741,0.1922,0.2471,0.1357,0.2102,0.5851,0.1900,0.2137,0.1850,0.2151,0.1157,0.2323,0.1625,0.1936,0.2221,0.5310,0.1868,0.2296,0.1660,0.1802,0.4353,0.1630,0.1997,0.1117,0.2434,0.3346,0.1637,0.1470,0.1240,0.2171,0.4094,0.1575,0.1911,0.1619,0.2443,0.2735,0.1987,0.2756,0.2414,0.2152,0.3096,0.1590,0.2151,0.1172,0.1788,0.4732,0.1722,0.2727,0.1668,0.2157,0.4100,0.1858,0.2609
0.1064,0.1858,0.1912,0.5389,0.1100,0.1088,0.1573,0.2009,0.5714,0.1648,0.1527,0.1358,0.1597,1.0000,0.1607,0.1308,0.1149,0.1837,0.1115,0.0807,0.1538,0.1005,0.1075,0.1694,0.1201,0.1351,0.1977,0.1505,0.6455,0.1435,0.1375,0.1517,0.2032,0.5054,0.1856,0.1420,0.2087,0.1467,0.3330,0.1575,0.1181,0.1847,0.1834,0.4652,0.1385,0.1440,0.1648,0.1469,0.8182,0.1744,0.1164,0.1718,0.1611,0.5400,0.1445,0.1824,0.1694,0.1034,0.3664,0.1543,0.1644,0.1834,0.1962,0.8715,0.1826,0.1327,0.1564,0.1762,0.4785,0.1561,0.1098,0.1529,0.1007,0.5384,0.1296,0.1285,0.1593,0.1970,0.6372,0.1271,0.1487,0.1525,0.1310,0.8414,0.2055,0.1775,0.1962,0.1503,0.4218,0.1722,0.0991,0.1609,0.1390,0.2424,0.1525,0.1552,0.1785,0.1837,0.8683,0.1817
0.1242,0.2078,0.2376,0.1494,0.2804,0.1186,0.1621,0.2384,0.1985,0.4989,0.2047,0.1750,0.2165,0.1607,1.0000,0.1908,0.1427,0.2264,0.0596,0.1721,0.2062,0.1009,0.1170,0.0500,0.6778,0.1552,0.1799,0.2039,0.2139,0.2605,0.1675,0.1634,0.2329,0.1928,0.6270,0.1813,0.1901,0.1499,0.1466,0.3318,0.1585,0.1936,0.2229,0.1849,0.3433,0.1525,0.1704,0.1847,0.2021,0.6206,0.1602,0.1806,0.1954,0.1891,0.3852,0.2084,0.2006,0.1347,0.2305,0.2713,0.1875,0.1929,0.2584,0.2002,0.3279,0.1453,0.1741,0.2141,0.1395,0.6553,0.1701,0.1729,0.1177,0.1655,0.6274,0.1239,0.1567,0.2560,0.1604,0.3697,0.2048,0.2082,0.1076,0.2155,0.7104,0.2362,0.1656,0.1827,0.1934,0.4200,0.1476,0.1680,0.1805,0.1340,0.4265,0.2059,0.1974,0.2298,0.1991,0.5586
0.2568,0.1626,0.1674,0.1207,0.1221,0.1358,0.1326,0.1646,0.1758,0.1536,0.4801,0.1473,0.1535,0.1308,0.1908,1.0000,0.1066,0.1817,0.0606,0.0983,0.8626,0.0913,0.0914,0.0494,0.1753,0.3487,0.1491,0.1445,0.1573,0.1327,0.2384,0.1432,0.1635,0.1538,0.1876,0.5626,0.1407,0.1151,0.1050,0.1487,0.1731,0.1493,0.1586,0.1489,0.1525,0.2065,0.1406,0.1418,0.1590,0.1810,0.6344,0.1458,0.1390,0.1482,0.1601,0.7602,0.1484,0.0792,0.1919,0.1542,0.3524,0.1657,0.1756,0.1631,0.1779,0.2635,0.1640,0.1626,0.1020,0.1787,0.8625,0.1335,0.0974,0.1420,0.1697,0.2199,0.1627,0.1817,0.1437,0.1248,0.8512,0.1553,0.1077,0.1708,0.2027,0.4984,0.1305,0.1176,0.1709,0.1826,0.2677,0.1469,0.1196,0.1074,0.1596,0.8374,0.1668,0.1540,0.1622,0.1810
0.0827,0.4427,0.1753,0.0840,0.0817,0.0843,0.2067,0.1980,0.1535,0.1425,0.1145,0.1706,0.1739,0.1149,0.1427,0.1066,1.0000,0.1660,0.0522,0.0758,0.1199,0.3994,0.1171,0.0379,0.1135,0.0943,0.2496,0.1490,0.1575,0.0934,0.1004,0.1575,0.2062,0.1595,0.1508,0.1248,0.3328,0.1546,0.0826,0.1227,0.0794,0.3024,0.1672,0.1269,0.1389,0.0892,0.2329,0.1471,0.1489,0.1653,0.0954,0.2285,0.1721,0.1297,0.1182,0.1217,0.7280,0.0884,0.1569,0.1255,0.1228,0.3170,0.1926,0.1408,0.1215,0.0987,0.2541,0.1989,0.1125,0.1344,0.0834,0.2264,0.0896,0.1211,0.1124,0.0830,0.1775,0.1858,0.1217,0.0923,0.1249,0.2881,0.1155,0.1485,0.1872,0.1663,0.1883,0.1403,0.1316,0.1299,0.0742,0.4752,0.1479,0.0915,0.1390,0.1244,0.4886,0.1808,0.1400,0.1497
0.1420,0.2596,0.7249,0.1565,0.1237,0.1356,0.1862,0.7381,0.2595,0.2141,0.1972,0.1988,0.3621,0.1837,0.2264,0.1817,0.1660,1.0000,0.0728,0.1285,0.2098,0.1292,0.4040,0.0503,0.1658,0.1703,0.2371,0.5758,0.2453,0.1685,0.1680,0.1838,0.6921,0.2121,0.2389,0.1826,0.2245,0.4417,0.1277,0.1937,0.1453,0.2362,0.7277,0.2077,0.1955,0.1648,0.1972,0.5574,0.2509,0.2455,0.1753,0.1793,0.4972,0.2040,0.1822,0.2352,0.2425,0.2155,0.2338,0.1888,0.2147,0.2360,0.7049,0.2492,0.2222,0.1803,0.2175,0.5466,0.1707,0.2131,0.1539,0.2077,0.2694,0.1980,0.1721,0.1244,0.1994,0.6984,0.2087,0.1674,0.2031,0.2613,0.2592,0.2632,0.2738,0.2560,0.2005,0.3660,0.2008,0.2118,0.1392,0.2175,0.5589,0.1651,0.1850,0.2079,0.2375,0.7675,0.2479,0.2514
0.0251,0.0601,0.0635,0.1068,0.0308,0.0293,0.0455,0.0651,0.1144,0.0371,0.0613,0.0367,0.0432,0.1115,0.0596,0.0606,0.0522,0.0728,1.0000,0.0328,0.0735,0.0499,0.0617,0.4066,0.0602,0.0667,0.0638,0.0503,0.1134,0.0834,0.0370,0.0470,0.0590,0.0994,0.0629,0.0661,0.0632,0.0520,0.0765,0.0568,0.0285,0.0577,0.0668,0.0810,0.0447,0.0398,0.0483,0.0400,0.1473,0.0592,0.0525,0.0640,0.0471,0.1134,0.0432,0.0999,0.0580,0.0465,0.0963,0.0469,0.0572,0.0574,0.0581,0.1310,0.0650,0.0476,0.0730,0.0502,0.0807,0.0646,0.0482,0.0354,0.0290,0.1100,0.0643,0.0391,0.0519,0.0690,0.1114,0.0426,0.0684,0.0622,0.0246,0.1243,0.0783,0.0706,0.0459,0.0407,0.1097,0.0546,0.0474,0.0511,0.0341,0.0546,0.0443,0.0716,0.0648,0.0628,0.1303,0.0547
0.0564,0.1031,0.1095,0.0724,0.2553,0.0729,0.0866,0.1115,0.1194,0.2136,0.0873,0.0904,0.0760,0.0807,0.1721,0.0983,0.0758,0.1285,0.0328,1.0000,0.1041,0.0435,0.0502,0.0460,0.1612,0.0851,0.1022,0.0735,0.1127,0.2102,0.0802,0.0914,0.1143,0.0968,0.1599,0.1059,0.0917,0.0661,0.0646,0.1700,0.0560,0.0790,0.1039,0.0894,0.3236,0.0906,0.1203,0.0973,0.1099,0.1908,0.0945,0.0878,0.0828,0.0942,0.2024,0.1072,0.0956,0.0597,0.1044,0.3944,0.1016,0.1117,0.1285,0.1048,0.2081,0.0694,0.1212,0.1149,0.0689,0.1787,0.0750,0.0788,0.0676,0.0994,0.1571,0.0807,0.0850,0.1204,0.1081,0.1805,0.1010,0.1142,0.0485,0.1096,0.1741,0.1089,0.0579,0.0749,0.0921,0.1757,0.1032,0.0937,0.0776,0.0671,0.1545,0.1043,0.1085,0.1167,0.1059,0.2097
0.2577,0.1916,0.1988,0.1407,0.1235,0.1512,0.1542,0.1997,0.2071,0.1699,0.5218,0.1648,0.1653,0.1538,0.2062,0.8626,0.1199,0.2098,0.0735,0.1041,1.0000,0.1111,0.1127,0.0459,0.1815,0.3797,0.1736,0.1760,0.1801,0.1549,0.2604,0.1593,0.1968,0.1803,0.2129,0.6576,0.1487,0.1378,0.1239,0.1665,0.1866,0.1742,0.1875,0.1674,0.1598,0.2145,0.1551,0.1617,0.1897,0.2024,0.6906,0.1647,0.1658,0.1718,0.1754,0.8791,0.1752,0.1221,0.2069,0.1652,0.3682,0.1846,0.1977,0.1983,0.1898,0.2845,0.1788,0.1788,0.1269,0.1956,0.7818,0.1456,0.1109,0.1636,0.1814,0.2098,0.1808,0.2087,0.1829,0.1335,0.9500,0.1716,0.1224,0.2056,0.2298,0.6507,0.1390,0.1329,0.1882,0.2000,0.3127,0.1703,0.1318,0.1364,0.1791,0.9687,0.1955,0.1859,0.1972,0.1993
0.0672,0.5891,0.1406,0.0714,0.0713,0.0625,0.2570,0.1574,0.1235,0.0987,0.0901,0.1809,0.1180,0.1005,0.1009,0.0913,0.3994,0.1292,0.0499,0.0435,0.1111,1.0000,0.1044,0.0209,0.0829,0.0760,0.3391,0.1281,0.1341,0.0873,0.1008,0.1699,0.1648,0.1315,0.1160,0.1081,0.4306,0.1332,0.0805,0.0939,0.0725,0.4043,0.1362,0.0952,0.1027,0.0722,0.3479,0.1195,0.1205,0.1232,0.0813,0.2793,0.1296,0.0993,0.1082,0.1182,0.4618,0.0967,0.1235,0.0972,0.0999,0.4104,0.1464,0.1194,0.1109,0.0814,0.3406,0.1640,0.0941,0.0992,0.0708,0.2720,0.0802,0.0861,0.0835,0.0816,0.1774,0.1456,0.0886,0.0759,0.1103,0.3321,0.0997,0.1255,0.1381,0.1391,0.2947,0.1165,0.1113,0.1065,0.0580,0.4564,0.1071,0.0881,0.1148,0.1194,0.4859,0.1397,0.1188,0.1123
0.0925,0.1635,0.4388,0.0915,0.0688,0.0737,0.1005,0.4967,0.1284,0.1229,0.0933,0.0943,0.3661,0.1075,0.1170,0.0914,0.1171,0.4040,0.0617,0.0502,0.1127,0.1044,1.0000,0.0266,0.0864,0.0695,0.1176,0.4132,0.1536,0.0758,0.0960,0.0970,0.4488,0.1160,0.1375,0.1045,0.1597,0.5110,0.0889,0.0965,0.0736,0.1489,0.4272,0.1261,0.0944,0.0820,0.0962,0.4035,0.1343,0.1397,0.0848,0.1028,0.5451,0.1228,0.0924,0.1409,0.1488,0.1954,0.1369,0.0999,0.1128,0.1311,0.4817,0.1289,0.1210,0.0806,0.1036,0.4241,0.0925,0.1042,0.0667,0.1452,0.2604,0.1063,0.0892,0.0758,0.0958,0.3977,0.0959,0.1168,0.1079,0.1423,0.2225,0.1376,0.1519,0.1378,0.1456,0.2423,0.1099,0.1025,0.0826,0.1246,0.5119,0.1003,0.1118,0.1108,0.1352,0.4325,0.1282,0.1542
0.0284,0.0553,0.0408,0.1534,0.0273,0.0339,0.0430,0.0481,0.2158,0.0538,0.0654,0.0343,0.0519,0.1694,0.0500,0.0494,0.0379,0.0503,0.4066,0.0460,0.0459,0.0209,0.0266,1.0000,0.0444,0.0568,0.0565,0.0323,0.1265,0.0635,0.0325,0.0683,0.0462,0.1457,0.0489,0.0503,0.0664,0.0322,0.1213,0.0808,0.0307,0.0556,0.0448,0.1204,0.0540,0.0610,0.0830,0.0377,0.2062,0.0699,0.0462,0.0574,0.0365,0.1504,0.0531,0.0536,0.0393,0.0200,0.1451,0.0440,0.0396,0.0705,0.0606,0.1961,0.0449,0.0597,0.0590,0.0545,0.1339,0.0574,0.0370,0.0921,0.0382,0.1862,0.0484,0.0344,0.0479,0.0587,0.2121,0.0737,0.0438,0.0479,0.0220,0.1915,0.0745,0.0590,0.0498,0.0544,0.1906,0.0603,0.0547,0.0526,0.0395,0.0855,0.0381,0.0464,0.0674,0.0445,0.1950,0.0873
0.1008,0.1751,0.1688,0.1223,0.2783,0.1049,0.1469,0.1738,0.1547,0.4483,0.1662,0.1457,0.1478,0.1201,0.6778,0.1753,0.1135,0.1658,0.0602,0.1612,0.1815,0.0829,0.0864,0.0444,1.0000,0.1642,0.1551,0.1476,0.1706,0.1972,0.1412,0.1359,0.1772,0.1590,0.5598,0.1602,0.1631,0.1193,0.1037,0.3144,0.1316,0.1576,0.1766,0.1431,0.3471,0.1451,0.1284,0.1514,0.1687,0.6456,0.1389,0.1571,0.1457,0.1537,0.3913,0.1806,0.1585,0.0831,0.1875,0.2651,0.1602,0.1524,0.1954,0.1585,0.2823,0.1411,0.1413,0.1716,0.1221,0.7846,0.1590,0.1464,0.0883,0.1355,0.8436,0.1243,0.1303,0.1976,0.1274,0.4336,0.1784,0.1736,0.0998,0.1766,0.5915,0.1934,0.1478,0.1556,0.1352,0.4903,0.1404,0.1302,0.1244,0.1030,0.3460,0.1780,0.1662,0.1740,0.1576,0.5099
0.2875,0.1424,0.1652,0.1243,0.1116,0.3052,0.1308,0.1618,0.1501,0.1901,0.4011,0.1274,0.1617,0.1351,0.1552,0.3487,0.0943,0.1703,0.0667,0.0851,0.3797,0.0760,0.0695,0.0568,0.1642,1.0000,0.1734,0.1347,0.1614,0.1895,0.2457,0.1337,0.1936,0.1554,0.1990,0.4171,0.1479,0.1308,0.0963,0.1935,0.2567,0.1394,0.1522,0.1272,0.1473,0.3626,0.1605,0.1455,0.1450,0.2013,0.4322,0.1448,0.1460,0.1264,0.1972,0.3729,0.1348,0.0683,0.1567,0.1331,0.4287,0.1446,0.1786,0.1442,0.1753,0.4217,0.1522,0.1644,0.1018,0.1783,0.3327,0.1589,0.1210,0.1230,0.1522,0.3306,0.1640,0.1667,0.1281,0.1588,0.3919,0.1364,0.1052,0.1561,0.2091,0.3317,0.1345,0.1202,0.1412,0.1969,0.4109,0.1363,0.1148,0.1092,0.1739,0.3890,0.1464,0.1574,0.1434,0.1990
0.1155,0.4995,0.2393,0.1560,0.1041,0.1262,0.4229,0.2482,0.2421,0.2008,0.1760,0.3779,0.2250,0.1977,0.1799,0.1491,0.2496,0.2371,0.0638,0.1022,0.1736,0.3391,0.1176,0.0565,0.1551,0.1734,1.0000,0.1978,0.2302,0.1879,0.1554,0.4022,0.2661,0.2163,0.2143,0.1911,0.4656,0.1774,0.1470,0.1895,0.1390,0.5275,0.2329,0.1946,0.1630,0.1852,0.4121,0.2011,0.2357,0.2192,0.1724,0.4521,0.2025,0.2126,0.1917,0.1858,0.3613,0.1296,0.2298,0.1756,0.1650,0.5608,0.2624,0.2299,0.2108,0.1380,0.4639,0.2306,0.1534,0.1944,0.1211,0.3534,0.1783,0.2036,0.1573,0.1317,0.3044,0.2412,0.2010,0.1581,0.1685,0.3817,0.1461,0.2413,0.2362,0.2054,0.4048,0.2016,0.1933,0.1939,0.1084,0.4724,0.1633,0.1560,0.1765,0.1750,0.5492,0.2345,0.2287,0.2229
0.1317,0.2355,0.6059,0.1379,0.1013,0.1151,0.1592,0.7369,0.1917,0.1834,0.1507,0.1501,0.4040,0.1505,0.2039,0.1445,0.1490,0.5758,0.0503,0.0735,0.1760,0.1281,0.4132,0.0323,0.1476,0.1347,0.1978,1.0000,0.2049,0.1260,0.1538,0.1510,0.6457,0.1834,0.2014,0.1556,0.2018,0.4613,0.1202,0.1402,0.1253,0.1952,0.5965,0.1630,0.1477,0.1502,0.1437,0.4571,0.1957,0.2137,0.1319,0.1611,0.5304,0.1713,0.1538,0.2129,0.2057,0.1789,0.1962,0.1457,0.1783,0.1808,0.6734,0.1925,0.1848,0.1465,0.1666,0.5365,0.1452,0.1934,0.1180,0.1850,0.2487,0.1517,0.1452,0.1194,0.1874,0.5949,0.1539,0.1256,0.1655,0.1913,0.3205,0.2052,0.2404,0.2080,0.1950,0.4027,0.1629,0.1718,0.1138,0.1782,0.5724,0.1847,0.1663,0.1738,0.2041,0.6173,0.1915,0.2038
0.1465,0.2594,0.2514,0.3957,0.1164,0.1373,0.1899,0.2662,0.4887,0.2070,0.1792,0.2085,0.2275,0.6455,0.2139,0.1573,0.1575,0.2453,0.1134,0.1127,0.1801,0.1341,0.1536,0.1265,0.1706,0.1614,0.2302,0.2049,1.0000,0.1529,0.1565,0.1930,0.2834,0.5641,0.2347,0.1765,0.2675,0.1896,0.3234,0.1940,0.1472,0.2501,0.2364,0.3956,0.1743,0.1669,0.1807,0.2040,0.6390,0.2326,0.1495,0.2160,0.2314,0.4688,0.1848,0.2137,0.2387,0.1192,0.4397,0.1636,0.2103,0.2334,0.2694,0.6533,0.2496,0.1727,0.2055,0.2199,0.3913,0.2076,0.1205,0.2135,0.1421,0.4020,0.1843,0.1597,0.1950,0.2727,0.5151,0.1464,0.1764,0.2231,0.1523,0.6506,0.2763,0.2370,0.2890,0.2058,0.3965,0.2126,0.1417,0.2099,0.1926,0.2438,0.2194,0.1797,0.2375,0.2446,0.6499,0.2235
0.1030,0.1532,0.1655,0.1364,0.5003,0.1099,0.1365,0.1508,0.1820,0.2999,0.1644,0.1703,0.1665,0.1435,0.2605,0.1327,0.0934,0.1685,0.0834,0.2102,0.1549,0.0873,0.0758,0.0635,0.1972,0.1895,0.1879,0.1260,0.1529,1.0000,0.1775,0.1460,0.1661,0.1318,0.4478,0.1749,0.1439,0.1615,0.1018,0.5192,0.1317,0.1402,0.1382,0.1498,0.2909,0.1762,0.2033,0.1539,0.1772,0.3299,0.1444,0.1494,0.1387,0.1573,0.4557,0.1984,0.1389,0.1242,0.1544,0.2670,0.1874,0.1826,0.1763,0.1626,0.3875,0.1876,0.1733,0.1899,0.1111,0.2794,0.1226,0.1638,0.1115,0.1391,0.2113,0.1483,0.1608,0.1723,0.1555,0.3160,0.1570,0.1604,0.1060,0.1620,0.2995,0.1673,0.1218,0.1479,0.1575,0.3071,0.1241,0.1438,0.1000,0.1488,0.2710,0.1652,0.1539,0.1446,0.1640,0.3457
0.2437,0.1657,0.1552,0.1064,0.1539,0.1407,0.1335,0.1757,0.1794,0.1845,0.2660,0.1356,0.1802,0.1375,0.1675,0.2384,0.1004,0.1680,0.0370,0.0802,0.2604,0.1008,0.0960,0.0325,0.1412,0.2457,0.1554,0.1538,0.1565,0.1775,1.0000,0.1211,0.1693,0.1637,0.1955,0.2359,0.1523,0.1280,0.1208,0.2003,0.1528,0.1493,0.1521,0.1300,0.1518,0.2598,0.1414,0.1378,0.1671,0.1985,0.2425,0.1503,0.1507,0.1402,0.2171,0.2740,0.1469,0.1018,0.1872,0.1424,0.2497,0.1460,0.1733,0.1571,0.2508,0.2126,0.1363,0.1530,0.1220,0.1501,0.1995,0.1862,0.0908,0.1394,0.1569,0.1877,0.1610,0.1686,0.1335,0.1351,0.2593,0.1611,0.1244,0.1678,0.1770,0.2621,0.1563,0.1369,0.1466,0.1903,0.1393,0.1301,0.1345,0.1212,0.1770,0.2624,0.1561,0.1539,0.1595,0.1780
0.1100,0.3570,0.1816,0.1252,0.1088,0.1094,0.5818,0.1902,0.1869,0.1863,0.1484,0.4273,0.1971,0.1517,0.1634,0.1432,0.1575,0.1838,0.0470,0.0914,0.1593,0.1699,0.0970,0.0683,0.1359,0.1337,0.4022,0.1510,0.1930,0.1460,0.1211,1.0000,0.1974,0.1778,0.1935,0.1558,0.2467,0.1294,0.1066,0.1725,0.0919,0.4632,0.1737,0.1655,0.1578,0.1301,0.3986,0.1704,0.1744,0.1960,0.1321,0.5192,0.1739,0.1618,0.1609,0.1725,0.1984,0.0802,0.2277,0.1619,0.1480,0.4953,0.2075,0.1752,0.1736,0.1276,0.2820,0.1824,0.1111,0.1599,0.1147,0.2989,0.1654,0.1447,0.1338,0.0951,0.3871,0.1947,0.1594,0.1303,0.1539,0.2872,0.1009,0.1864,0.2188,0.1972,0.2214,0.1665,0.1539,0.1664,0.0882,0.3040,0.1480,0.1092,0.1524,0.1588,0.4902,0.1783,0.1743,0.1939
0.1677,0.3020,0.7518,0.1571,0.1406,0.1707,0.2175,0.8319,0.2539,0.2292,0.1998,0.2258,0.4521,0.2032,0.2329,0.1635,0.2062,0.6921,0.0590,0.1143,0.1968,0.1648,0.4488,0.0462,0.1772,0.1936,0.2661,0.6457,0.2834,0.1661,0.1693,0.1974,1.0000,0.2406,0.2480,0.2214,0.2523,0.5470,0.1655,0.2133,0.1903,0.2627,0.7525,0.2132,0.2056,0.1946,0.2087,0.5831,0.2518,0.2602,0.1699,0.2226,0.5981,0.2183,0.1934,0.2296,0.2594,0.2378,0.2644,0.1974,0.2368,0.2619,0.7993,0.2487,0.2410,0.1953,0.2179,0.6475,0.1962,0.2285,0.1378,0.2645,0.3047,0.2042,0.1839,0.1367,0.2425,0.6827,0.2230,0.1699,0.2010,0.2894,0.3169,0.2632,0.2922,0.2751,0.2419,0.4089,0.2108,0.2345,0.1348,0.2186,0.6191,0.1795,0.2249,0.1999,0.2628,0.7867,0.2474,0.2609
0.1256,0.2446,0.2104,0.3379,0.1151,0.1233,0.1860,0.2224,0.5462,0.1765,0.1742,0.1665,0.1979,0.5054,0.1928,0.1538,0.1595,0.2121,0.0994,0.0968,0.1803,0.1315,0.1160,0.1457,0.1590,0.1554,0.2163,0.1834,0.5641,0.1318,0.1637,0.1778,0.2406,1.0000,0.2083,0.1672,0.2465,0.1605,0.3796,0.1696,0.1193,0.2104,0.2011,0.4405,0.1711,0.1647,0.1759,0.1763,0.5834,0.2038,0.1439,0.1990,0.2075,0.5077,0.1673,0.2029,0.2098,0.0853,0.4977,0.1527,0.2044,0.2222,0.2395,0.6047,0.1989,0.1634,0.1706,0.2060,0.3521,0.1932,0.1266,0.1739,0.1081,0.4888,0.1603,0.1300,0.1842,0.2378,0.5908,0.1209,0.1729,0.1951,0.1438,0.6086,0.2398,0.2284,0.2353,0.1781,0.3494,0.1782,0.1162,0.1720,0.1652,0.2102,0.1710,0.1805,0.2125,0.2053,0.6026,0.1909
0.1369,0.2250,0.2473,0.1727,0.4758,0.1339,0.1879,0.2521,0.2200,0.4681,0.2041,0.2020,0.2446,0.1856,0.6270,0.1876,0.1508,0.2389,0.0629,0.1599,0.2129,0.1160,0.1375,0.0489,0.5598,0.1990,0.2143,0.2014,0.2347,0.4478,0.1955,0.1935,0.2480,0.2083,1.0000,0.2027,0.1905,0.1905,0.1531,0.5509,0.1675,0.2041,0.2359,0.1987,0.3613,0.1911,0.1881,0.2373,0.2259,0.5571,0.1619,0.1841,0.2168,0.2057,0.5409,0.2367,0.2183,0.1209,0.2378,0.3241,0.2365,0.2071,0.2663,0.2272,0.3894,0.2010,0.1985,0.2544,0.1560,0.5862,0.1671,0.2034,0.1340,0.1798,0.5045,0.1363,0.1888,0.2542,0.1900,0.4533,0.2131,0.2076,0.1478,0.2420,0.6020,0.2504,0.1713,0.2074,0.1997,0.4502,0.1854,0.1861,0.1825,0.1581,0.3917,0.2153,0.2153,0.2398,0.2260,0.5633
0.2520,0.1840,0.1847,0.1130,0.1213,0.1413,0.1632,0.1845,0.1801,0.1617,0.5001,0.1611,0.1736,0.1420,0.1813,0.5626,0.1248,0.1826,0.0661,0.1059,0.6576,0.1081,0.1045,0.0503,0.1602,0.4171,0.1911,0.1556,0.1765,0.1749,0.2359,0.1558,0.2214,0.1672,0.2027,1.0000,0.1498,0.1359,0.1243,0.1585,0.1893,0.1681,0.1767,0.1415,0.1699,0.2091,0.1628,0.1723,0.1791,0.1951,0.6305,0.1604,0.1584,0.1460,0.1676,0.6060,0.1676,0.1086,0.2050,0.1528,0.3496,0.1853,0.1977,0.1787,0.1805,0.3003,0.1743,0.1759,0.1126,0.1847,0.4455,0.1640,0.1139,0.1444,0.1678,0.2162,0.1739,0.1964,0.1607,0.1298,0.6679,0.1501,0.1160,0.1826,0.2175,0.5525,0.1457,0.1323,0.1983,0.1918,0.2865,0.1608,0.1318,0.1121,0.1827,0.6555,0.1834,0.1696,0.1788,0.1871
0.1116,0.5992,0.2491,0.1510,0.0951,0.1226,0.3441,0.2504,0.2687,0.1909,0.1412,0.2164,0.2297,0.2087,0.1901,0.1407,0.3328,0.2245,0.0632,0.0917,0.1487,0.4306,0.1597,0.0664,0.1631,0.1479,0.4656,0.2018,0.2675,0.1439,0.1523,0.2467,0.2523,0.2465,0.1905,0.1498,1.0000,0.1907,0.1360,0.1730,0.1203,0.5329,0.2190,0.2250,0.1667,0.1341,0.4054,0.1911,0.2551,0.2154,0.1245,0.3836,0.2144,0.2483,0.1657,0.1566,0.3950,0.1168,0.2540,0.1551,0.1671,0.5235,0.2672,0.2469,0.1768,0.1315,0.3744,0.2245,0.1649,0.1940,0.1107,0.3272,0.1750,0.2017,0.1580,0.1059,0.2314,0.2420,0.2292,0.1234,0.1498,0.3781,0.1381,0.2619,0.2338,0.2135,0.7052,0.1955,0.1912,0.1728,0.1036,0.4564,0.1890,0.1347,0.1574,0.1526,0.5324,0.2305,0.2456,0.1962
0.1142,0.2114,0.4874,0.1408,0.0983,0.0992,0.1516,0.5370,0.1952,0.1819,0.1440,0.1974,0.4518,0.1467,0.1499,0.1151,0.1546,0.4417,0.0520,0.0661,0.1378,0.1332,0.5110,0.0322,0.1193,0.1308,0.1774,0.4613,0.1896,0.1615,0.1280,0.1294,0.5470,0.1605,0.1905,0.1359,0.1907,1.0000,0.1018,0.1792,0.1181,0.1798,0.4615,0.1599,0.1410,0.1441,0.1521,0.4412,0.1712,0.1920,0.1043,0.1623,0.5531,0.1547,0.1607,0.1638,0.1831,0.2112,0.1614,0.1530,0.1615,0.1920,0.5583,0.1704,0.1991,0.1675,0.1859,0.5142,0.1357,0.1636,0.0919,0.1991,0.4120,0.1344,0.1218,0.0974,0.2369,0.4671,0.1477,0.1383,0.1408,0.2085,0.2516,0.1812,0.2016,0.1945,0.1756,0.3289,0.1372,0.1588,0.1018,0.1434,0.5071,0.1571,0.1601,0.1417,0.1839,0.4775,0.1695,0.1967
0.0974,0.1565,0.1217,0.2935,0.0813,0.0939,0.1275,0.1371,0.3617,0.1581,0.1044,0.1183,0.1399,0.3330,0.1466,0.1050,0.0826,0.1277,0.0765,0.0646,0.1239,0.0805,0.0889,0.1213,0.1037,0.0963,0.1470,0.1202,0.3234,0.1018,0.1208,0.1066,0.1655,0.3796,0.1531,0.1243,0.1360,0.1018,1.0000,0.1230,0.0858,0.1343,0.1186,0.2609,0.1096,0.1244,0.1367,0.1181,0.3898,0.1470,0.1006,0.1201,0.1408,0.3471,0.1124,0.1432,0.1419,0.0843,0.2850,0.1012,0.1262,0.1423,0.1453,0.3773,0.1428,0.0990,0.1159,0.1535,0.2498,0.1227,0.0846,0.1351,0.1246,0.3677,0.1089,0.1003,0.1366,0.1601,0.3875,0.0935,0.1134,0.1356,0.0983,0.3782,0.1795,0.1410,0.1422,0.1222,0.2614,0.1216,0.0837,0.1272,0.1036,0.1707,0.1253,0.1230,0.1423,0.1207,0.3765,0.1443
0.1172,0.1751,0.1890,0.1422,0.5871,0.1170,0.1614,0.1876,0.1920,0.4392,0.1842,0.2098,0.2277,0.1575,0.3318,0.1487,0.1227,0.1937,0.0568,0.1700,0.1665,0.0939,0.0965,0.0808,0.3144,0.1935,0.1895,0.1402,0.1940,0.5192,0.2003,0.1725,0.2133,0.1696,0.5509,0.1585,0.1730,0.1792,0.1230,1.0000,0.1307,0.1624,0.1768,0.1694,0.4107,0.1572,0.1933,0.1886,0.1839,0.4873,0.1372,0.1908,0.1667,0.1688,0.6462,0.1968,0.1771,0.0935,0.1782,0.4018,0.1764,0.1943,0.2082,0.1774,0.3769,0.1947,0.1963,0.2154,0.1315,0.4462,0.1202,0.1839,0.1610,0.1721,0.2961,0.1246,0.1747,0.2085,0.1586,0.5062,0.1685,0.1916,0.1056,0.1898,0.4251,0.2036,0.1509,0.1609,0.1703,0.3951,0.1526,0.1664,0.1394,0.1233,0.2866,0.1753,0.1847,0.1776,0.1765,0.5079
0.1979,0.1219,0.1653,0.0934,0.0897,0.2277,0.1167,0.1625,0.1427,0.1372,0.2415,0.1299,0.1778,0.1181,0.1585,0.1731,0.0794,0.1453,0.0285,0.0560,0.1866,0.0725,0.0736,0.0307,0.1316,0.2567,0.1390,0.1253,0.1472,0.1317,0.1528,0.0919,0.1903,0.1193,0.1675,0.1893,0.1203,0.1181,0.0858,0.1307,1.0000,0.1277,0.1596,0.1122,0.1139,0.2739,0.1072,0.1218,0.1286,0.1527,0.2156,0.1073,0.1205,0.1024,0.1355,0.2171,0.1210,0.0758,0.1263,0.1280,0.2191,0.1236,0.1605,0.1297,0.1438,0.2377,0.1279,0.1525,0.0949,0.1372,0.1433,0.1179,0.1131,0.1107,0.1279,0.2047,0.1157,0.1487,0.1067,0.1084,0.1927,0.1231,0.0867,0.1356,0.1634,0.1960,0.1101,0.1196,0.1131,0.1521,0.2317,0.1083,0.1064,0.1073,0.2357,0.1914,0.1242,0.1600,0.1309,0.1584
0.1253,0.6059,0.2498,0.1395,0.1019,0.1242,0.5179,0.2527,0.2199,0.1920,0.1669,0.3433,0.2284,0.1847,0.1936,0.1493,0.3024,0.2362,0.0577,0.0790,0.1742,0.4043,0.1489,0.0556,0.1576,0.1394,0.5275,0.1952,0.2501,0.1402,0.1493,0.4632,0.2627,0.2104,0.2041,0.1681,0.5329,0.1798,0.1343,0.1624,0.1277,1.0000,0.2345,0.1911,0.1784,0.1429,0.4584,0.2006,0.2177,0.2189,0.1524,0.5277,0.2209,0.1959,0.1716,0.1876,0.3726,0.1177,0.2454,0.1650,0.1737,0.6829,0.2578,0.2145,0.1932,0.1495,0.4674,0.2208,0.1680,0.1890,0.1107,0.4348,0.2046,0.1727,0.1557,0.1211,0.3437,0.2469,0.1822,0.1349,0.1703,0.3985,0.1496,0.2259,0.2510,0.2383,0.4994,0.1966,0.1759,0.1969,0.1007,0.5545,0.2062,0.1221,0.1893,0.1715,0.6920,0.2340,0.2133,0.2097
0.1328,0.2450,0.8630,0.1553,0.1119,0.1289,0.1802,0.8843,0.2239,0.2046,0.1860,0.1937,0.3961,0.1834,0.2229,0.1586,0.1672,0.7277,0.0668,0.1039,0.1875,0.1362,0.4272,0.0448,0.1766,0.1522,0.2329,0.5965,0.2364,0.1382,0.1521,0.1737,0.7525,0.2011,0.2359,0.1767,0.2190,0.4615,0.1186,0.1768,0.1596,0.2345,1.0000,0.1938,0.1703,0.1600,0.1797,0.5757,0.2325,0.2319,0.1468,0.1729,0.5409,0.1899,0.1778,0.2232,0.2284,0.2142,0.2173,0.1771,0.2028,0.2194,0.8185,0.2361,0.2067,0.1673,0.1981,0.6153,0.1768,0.2156,0.1312,0.2011,0.2955,0.1676,0.1765,0.1293,0.1978,0.6868,0.1898,0.1523,0.1820,0.2565,0.2801,0.2474,0.2715,0.2327,0.2076,0.4094,0.1772,0.2091,0.1333,0.1921,0.5831,0.1639,0.1858,0.1858,0.2197,0.9305,0.2389,0.2359
0.3787,0.2186,0.2036,0.5947,0.1077,0.1131,0.1796,0.2118,0.4440,0.1966,0.1532,0.1487,0.1976,0.4652,0.1849,0.1489,0.1269,0.2077,0.0810,0.0894,0.1674,0.0952,0.1261,0.1204,0.1431,0.1272,0.1946,0.1630,0.3956,0.1498,0.1300,0.1655,0.2132,0.4405,0.1987,0.1415,0.2250,0.1599,0.2609,0.1694,0.1122,0.1911,0.1938,1.0000,0.1641,0.1536,0.1847,0.1644,0.4749,0.1963,0.1342,0.1761,0.1846,0.8270,0.1597,0.1860,0.1892,0.1000,0.3318,0.1626,0.1669,0.2041,0.2243,0.5136,0.1847,0.2146,0.1688,0.1950,0.2963,0.1765,0.1229,0.1770,0.1432,0.4204,0.1467,0.1159,0.1628,0.2243,0.4813,0.1347,0.1607,0.2007,0.1113,0.5069,0.2286,0.2105,0.1941,0.1802,0.2806,0.1722,0.1191,0.1661,0.1559,0.2112,0.1551,0.1717,0.1935,0.2034,0.5133,0.2079
0.1057,0.2008,0.1781,0.1022,0.5440,0.1074,0.1568,0.1881,0.1904,0.4743,0.1705,0.1674,0.1812,0.1385,0.3433,0.1525,0.1389,0.1955,0.0447,0.3236,0.1598,0.1027,0.0944,0.0540,0.3471,0.1473,0.1630,0.1477,0.1743,0.2909,0.1518,0.1578,0.2056,0.1711,0.3613,0.1699,0.1667,0.1410,0.1096,0.4107,0.1139,0.1784,0.1703,0.1641,1.0000,0.1403,0.1508,0.1663,0.1602,0.4618,0.1475,0.1668,0.1714,0.1486,0.4982,0.1722,0.1668,0.0715,0.1961,0.6459,0.1623,0.1976,0.1997,0.1620,0.3265,0.1507,0.1789,0.1935,0.1289,0.4500,0.1265,0.2205,0.1486,0.1458,0.3300,0.1061,0.1777,0.2039,0.1394,0.4693,0.1641,0.1927,0.1087,0.1721,0.4220,0.1987,0.1480,0.1572,0.1369,0.3766,0.1141,0.1473,0.1441,0.1417,0.3158,0.1656,0.1834,0.1752,0.1611,0.4720
0.3279,0.1619,0.1607,0.1338,0.0929,0.3706,0.1474,0.1625,0.1744,0.1973,0.2609,0.1462,0.1828,0.1440,0.1525,0.2065,0.0892,0.1648,0.0398,0.0906,0.2145,0.0722,0.0820,0.0610,0.1451,0.3626,0.1852,0.1502,0.1669,0.1762,0.2598,0.1301,0.1946,0.1647,0.1911,0.2091,0.1341,0.1441,0.1244,0.1572,0.2739,0.1429,0.1600,0.1536,0.1403,1.0000,0.1780,0.1320,0.1819,0.2085,0.2758,0.1495,0.1392,0.1340,0.1800,0.2398,0.1417,0.0810,0.1845,0.1395,0.3402,0.1508,0.1727,0.1631,0.2213,0.3578,0.1654,0.1715,0.1501,0.1492,0.1771,0.1987,0.1105,0.1372,0.1584,0.3750,0.1503,0.1703,0.1329,0.1522,0.2121,0.1557,0.0925,0.1763,0.2005,0.2172,0.1279,0.1614,0.1495,0.1960,0.3616,0.1425,0.1157,0.1433,0.1506,0.2153,0.1623,0.1462,0.1630,0.2075
0.1010,0.4450,0.1886,0.1503,0.0996,0.1067,0.4588,0.1806,0.2043,0.1923,0.1578,0.2398,0.2210,0.1648,0.1704,0.1406,0.2329,0.1972,0.0483,0.1203,0.1551,0.3479,0.0962,0.0830,0.1284,0.1605,0.4121,0.1437,0.1807,0.2033,0.1414,0.3986,0.2087,0.1759,0.1881,0.1628,0.4054,0.1521,0.1367,0.1933,0.1072,0.4584,0.1797,0.1847,0.1508,0.1780,1.0000,0.1702,0.1929,0.1918,0.1138,0.4506,0.1702,0.1775,0.1737,0.1712,0.2965,0.1009,0.2257,0.1728,0.1568,0.4850,0.2245,0.1799,0.2253,0.1215,0.4935,0.2385,0.1380,0.1838,0.1207,0.3468,0.1783,0.1661,0.1356,0.1010,0.3099,0.2196,0.1592,0.1332,0.1505,0.3556,0.1078,0.1881,0.2050,0.1805,0.3470,0.1895,0.1751,0.1878,0.0995,0.4213,0.1792,0.1525,0.1481,0.1598,0.5005,0.1695,0.1790,0.1998
0.1200,0.2352,0.5811,0.1183,0.1233,0.1182,0.1687,0.6031,0.1881,0.1754,0.1369,0.2218,0.3741,0.1469,0.1847,0.1418,0.1471,0.5574,0.0400,0.0973,0.1617,0.1195,0.4035,0.0377,0.1514,0.1455,0.2011,0.4571,0.2040,0.1539,0.1378,0.1704,0.5831,0.1763,0.2373,0.1723,0.1911,0.4412,0.1181,0.1886,0.1218,0.2006,0.5757,0.1644,0.1663,0.1320,0.1702,1.0000,0.1775,0.2041,0.1318,0.1659,0.4653,0.1663,0.1737,0.1916,0.1951,0.1830,0.2038,0.1525,0.1664,0.2257,0.5990,0.1710,0.2130,0.1584,0.1721,0.5357,0.1405,0.1948,0.1147,0.1814,0.2723,0.1590,0.1480,0.1120,0.2071,0.5060,0.1532,0.1510,0.1573,0.1992,0.2681,0.1853,0.2223,0.2116,0.1683,0.3028,0.1610,0.1908,0.1280,0.1801,0.5811,0.1169,0.1739,0.1607,0.2206,0.6051,0.1701,0.2093
0.1246,0.2459,0.2507,0.5212,0.1206,0.1278,0.1791,0.2546,0.6627,0.1773,0.1757,0.1572,0.1922,0.8182,0.2021,0.1590,0.1489,0.2509,0.1473,0.1099,0.1897,0.1205,0.1343,0.2062,0.1687,0.1450,0.2357,0.1957,0.6390,0.1772,0.1671,0.1744,0.2518,0.5834,0.2259,0.1791,0.2551,0.1712,0.3898,0.1839,0.1286,0.2177,0.2325,0.4749,0.1602,0.1819,0.1929,0.1775,1.0000,0.2162,0.1533,0.1886,0.2024,0.5865,0.1701,0.2142,0.2238,0.1232,0.4390,0.1647,0.1890,0.2264,0.2602,0.8839,0.2271,0.1519,0.1975,0.2370,0.4884,0.1996,0.1290,0.1682,0.1258,0.5910,0.1790,0.1370,0.1692,0.2645,0.7401,0.1352,0.1808,0.1993,0.1400,0.8691,0.2490,0.2250,0.2333,0.1822,0.4517,0.1925,0.1393,0.2058,0.1790,0.2736,0.1773,0.1912,0.2198,0.2404,0.8802,0.2099
0.1415,0.2428,0.2417,0.1629,0.3821,0.1343,0.1973,0.2597,0.2321,0.8192,0.2053,0.2160,0.2471,0.1744,0.6206,0.1810,0.1653,0.2455,0.0592,0.1908,0.2024,0.1232,0.1397,0.0699,0.6456,0.2013,0.2192,0.2137,0.2326,0.3299,0.1985,0.1960,0.2602,0.2038,0.5571,0.1951,0.2154,0.1920,0.1470,0.4873,0.1527,0.2189,0.2319,0.1963,0.4618,0.2085,0.1918,0.2041,0.2162,1.0000,0.1684,0.2055,0.2214,0.1904,0.5641,0.2170,0.2272,0.1300,0.2291,0.4188,0.2063,0.2260,0.2729,0.2102,0.4003,0.1863,0.2075,0.2453,0.1607,0.7576,0.1577,0.2449,0.1731,0.1844,0.6084,0.1461,0.1982,0.2693,0.1723,0.6763,0.2064,0.2341,0.1415,0.2251,0.8449,0.2568,0.1890,0.2091,0.1954,0.5477,0.1602,0.1964,0.1983,0.1578,0.3477,0.2074,0.2333,0.2438,0.2100,0.8110
0.2572,0.1459,0.1613,0.1071,0.1059,0.1645,0.1307,0.1509,0.1776,0.1383,0.5650,0.1398,0.1357,0.1164,0.1602,0.6344,0.0954,0.1753,0.0525,0.0945,0.6906,0.0813,0.0848,0.0462,0.1389,0.4322,0.1724,0.1319,0.1495,0.1444,0.2425,0.1321,0.1699,0.1439,0.1619,0.6305,0.1245,0.1043,0.1006,0.1372,0.2156,0.1524,0.1468,0.1342,0.1475,0.2758,0.1138,0.1318,0.1533,0.1684,1.0000,0.1297,0.1378,0.1307,0.1483,0.6504,0.1438,0.0881,0.1752,0.1356,0.3874,0.1515,0.1636,0.1630,0.1483,0.3144,0.1537,0.1523,0.0995,0.1492,0.4841,0.1471,0.1011,0.1370,0.1408,0.2792,0.1552,0.1739,0.1518,0.1387,0.7093,0.1244,0.0909,0.1703,0.1886,0.5122,0.1116,0.1187,0.1528,0.1766,0.2502,0.1463,0.1147,0.1219,0.1532,0.6967,0.1576,0.1429,0.1622,0.1906
0.1092,0.4785,0.1823,0.1355,0.1037,0.1110,0.5296,0.2016,0.1998,0.2011,0.1549,0.3824,0.2102,0.1718,0.1806,0.1458,0.2285,0.1793,0.0640,0.0878,0.1647,0.2793,0.1028,0.0574,0.1571,0.1448,0.4521,0.1611,0.2160,0.1494,0.1503,0.5192,0.2226,0.1990,0.1841,0.1604,0.3836,0.1623,0.1201,0.1908,0.1073,0.5277,0.1729,0.1761,0.1668,0.1495,0.4506,0.1659,0.1886,0.2055,0.1297,1.0000,0.2157,0.1733,0.1869,0.1780,0.2755,0.0888,0.2232,0.1831,0.1581,0.5809,0.2186,0.1869,0.1925,0.1401,0.4127,0.1947,0.1502,0.1818,0.1276,0.3497,0.1784,0.1682,0.1567,0.1131,0.4344,0.2094,0.1568,0.1364,0.1637,0.3668,0.1240,0.1967,0.2271,0.1966,0.3423,0.1829,0.1710,0.1800,0.0866,0.4274,0.1706,0.1303,0.1732,0.1656,0.5786,0.1788,0.1859,0.2056
0.1306,0.2483,0.5612,0.1406,0.1124,0.1225,0.1932,0.6525,0.2163,0.2103,0.1731,0.1757,0.5851,0.1611,0.1954,0.1390,0.1721,0.4972,0.0471,0.0828,0.1658,0.1296,0.5451,0.0365,0.1457,0.1460,0.2025,0.5304,0.2314,0.1387,0.1507,0.1739,0.5981,0.2075,0.2168,0.1584,0.2144,0.5531,0.1408,0.1667,0.1205,0.2209,0.5409,0.1846,0.1714,0.1392,0.1702,0.4653,0.2024,0.2214,0.1378,0.2157,1.0000,0.1923,0.1842,0.1773,0.2172,0.1823,0.2231,0.1654,0.1850,0.2151,0.6907,0.2022,0.1896,0.1445,0.1764,0.5666,0.1530,0.1783,0.1111,0.2239,0.3504,0.1592,0.1471,0.1166,0.1888,0.5593,0.1712,0.1407,0.1618,0.2251,0.3030,0.2111,0.2547,0.2260,0.2142,0.3459,0.1660,0.1862,0.1083,0.1834,0.6286,0.1712,0.1760,0.1648,0.2164,0.5576,0.2012,0.2172
0.2957,0.2256,0.2010,0.5606,0.1164,0.1130,0.1756,0.2163,0.6054,0.1822,0.1651,0.1451,0.1900,0.5400,0.1891,0.1482,0.1297,0.2040,0.1134,0.0942,0.1718,0.0993,0.1228,0.1504,0.1537,0.1264,0.2126,0.1713,0.4688,0.1573,0.1402,0.1618,0.2183,0.5077,0.2057,0.1460,0.2483,0.1547,0.3471,0.1688,0.1024,0.1959,0.1899,0.8270,0.1486,0.1340,0.1775,0.1663,0.5865,0.1904,0.1307,0.1733,0.1923,1.0000,0.1783,0.1836,0.1966,0.0917,0.4007,0.1522,0.1794,0.1958,0.2207,0.6491,0.2013,0.1824,0.1640,0.1833,0.3371,0.1775,0.1257,0.1543,0.1250,0.5959,0.1588,0.1150,0.1612,0.2253,0.6348,0.1123,0.1602,0.2074,0.1128,0.6492,0.2252,0.2007,0.2346,0.1629,0.3507,0.1635,0.1130,0.1605,0.1580,0.2088,0.1520,0.1719,0.1866,0.1928,0.6465,0.1793
0.1145,0.1810,0.1930,0.1284,0.5338,0.1056,0.1604,0.1903,0.1836,0.5645,0.1776,0.2078,0.2137,0.1445,0.3852,0.1601,0.1182,0.1822,0.0432,0.2024,0.1754,0.1082,0.0924,0.0531,0.3913,0.1972,0.1917,0.1538,0.1848,0.4557,0.2171,0.1609,0.1934,0.1673,0.5409,0.1676,0.1657,0.1607,0.1124,0.6462,0.1355,0.1716,0.1778,0.1597,0.4982,0.1800,0.1737,0.1737,0.1701,0.5641,0.1483,0.1869,0.1842,0.1783,1.0000,0.1923,0.1698,0.0871,0.1658,0.4576,0.1683,0.1727,0.2018,0.1677,0.4031,0.1757,0.1780,0.2008,0.1343,0.5532,0.1399,0.1855,0.1353,0.1460,0.4048,0.1271,0.1593,0.2009,0.1455,0.6083,0.1837,0.1847,0.1155,0.1813,0.4678,0.1956,0.1610,0.1543,0.1494,0.4912,0.1272,0.1537,0.1381,0.1356,0.3173,0.1875,0.1711,0.1783,0.1668,0.5821
0.2872,0.2086,0.2302,0.1700,0.1313,0.1632,0.1715,0.2290,0.2303,0.1793,0.5278,0.1912,0.1850,0.1824,0.2084,0.7602,0.1217,0.2352,0.0999,0.1072,0.8791,0.1182,0.1409,0.0536,0.1806,0.3729,0.1858,0.2129,0.2137,0.1984,0.2740,0.1725,0.2296,0.2029,0.2367,0.6060,0.1566,0.1638,0.1432,0.1968,0.2171,0.1876,0.2232,0.1860,0.1722,0.2398,0.1712,0.1916,0.2142,0.2170,0.6504,0.1780,0.1773,0.1836,0.1923,1.0000,0.1876,0.1433,0.2471,0.1919,0.3771,0.1971,0.2280,0.2243,0.2250,0.3052,0.1905,0.2108,0.1451,0.2068,0.6715,0.1882,0.1244,0.1849,0.1841,0.2437,0.2023,0.2311,0.2151,0.1831,0.8397,0.1820,0.1370,0.2392,0.2417,0.6194,0.1555,0.1703,0.1992,0.2311,0.2989,0.1840,0.1440,0.1682,0.2105,0.8633,0.2146,0.2111,0.2232,0.2374
0.1284,0.5701,0.2392,0.1424,0.1169,0.1206,0.2673,0.2568,0.2213,0.1996,0.1587,0.2214,0.2151,0.1694,0.2006,0.1484,0.7280,0.2425,0.0580,0.0956,0.1752,0.4618,0.1488,0.0393,0.1585,0.1348,0.3613,0.2057,0.2387,0.1389,0.1469,0.1984,0.2594,0.2098,0.2183,0.1676,0.3950,0.1831,0.1419,0.1771,0.1210,0.3726,0.2284,0.1892,0.1668,0.1417,0.2965,0.1951,0.2238,0.2272,0.1438,0.2755,0.2172,0.1966,0.1698,0.1876,1.0000,0.1315,0.2261,0.1680,0.1814,0.3949,0.2555,0.2139,0.1903,0.1327,0.3323,0.2082,0.1583,0.1910,0.1157,0.3027,0.1290,0.1791,0.1581,0.1290,0.2095,0.2605,0.1740,0.1366,0.1666,0.4109,0.1397,0.2250,0.2576,0.2252,0.2759,0.1877,0.1872,0.1805,0.1233,0.6653,0.1829,0.1415,0.1989,0.1770,0.6258,0.2359,0.2127,0.2136
